9.824303100556692314e+00
1.198514091364432765e+01
8.218890287470417277e+00
8.500418137004370323e+00
9.123467859430659743e+00
9.442085722620456423e+00
8.390926360563156550e+00
8.948269324789940526e+00
8.530257260965639077e+00
1.040489202799618340e+01
8.308790134554302043e+00
7.919597396880127427e+00
8.952115280886715709e+00
8.990868117757392142e+00
9.659787468689465584e+00
8.386831872098968077e+00
7.872047171104710195e+00
1.008252494548110789e+01
8.749902144328434161e+00
8.422888056521230737e+00
7.758133176483236859e+00
8.595457843547640309e+00
8.804964303293704830e+00
9.534581341901787965e+00
9.200823182298087488e+00
8.011830893800935272e+00
8.593153830523728942e+00
8.034522598644130653e+00
8.493517048522839730e+00
9.236031696384305434e+00
9.354258179212735058e+00
8.251210752103727231e+00
8.641331616943109140e+00
9.171151831847716096e+00
9.884429622076709165e+00
9.645849277169023850e+00
9.533749687021268571e+00
9.206337622349368033e+00
8.804844536577556724e+00
9.737606759415891489e+00
9.189722865064364754e+00
8.135285066377678120e+00
9.072925875223226910e+00
1.002029712315520626e+01
8.884029434444435935e+00
8.441393287251010236e+00
8.904641422699288711e+00
9.422722970779293661e+00
9.514796770148043592e+00
9.382717958394156454e+00
9.050328708422560098e+00
8.979831438699912738e+00
8.896573831319656733e+00
1.072512037269053664e+01
7.988125261949129197e+00
1.028494463899205869e+01
8.971745498392088791e+00
8.994171736118900640e+00
9.485752011007951623e+00
9.025149629163951914e+00
9.944787362123181040e+00
9.812831329000349712e+00
1.005452153836816009e+01
8.849846404765727925e+00
9.767134499091165267e+00
9.754064025335761556e+00
8.492166657358946935e+00
8.990730248232980060e+00
8.094930182204976177e+00
1.029630430943718444e+01
9.521124214509487871e+00
8.988687478872934733e+00
8.671135518892508998e+00
8.376638024482101486e+00
7.888218390488900056e+00
7.458060669146084010e+00
1.052465307504018099e+01
7.888782564011058263e+00
7.730185823488747943e+00
9.586801210978658006e+00
6.965031147417468205e+00
7.554142944396165404e+00
8.502379076825524962e+00
9.472440815396545588e+00
8.794189923882390403e+00
1.010346347812534873e+01
8.359739370420950166e+00
1.057335023333376611e+01
8.557265044402051046e+00
8.290636235689611055e+00
9.261743383471705116e+00
7.985151657810490633e+00
1.037311508699159646e+01
1.182096323821145489e+01
9.572657817880820375e+00
8.064220424586725500e+00
9.093053441608088150e+00
9.753652307078565897e+00
1.036671600135051641e+01
8.736373022088674389e+00
7.483662948791403480e+00
9.194033464643300846e+00
8.871141449120440114e+00
8.726458281306559428e+00
7.911662462056476386e+00
1.093657007667986214e+01
7.513177597902370941e+00
7.374909430207888583e+00
8.403824950361714841e+00
1.086354092295716356e+01
8.971532866084679370e+00
8.885868056179727859e+00
8.547752232332642919e+00
9.327786035127394015e+00
7.742074697268543915e+00
9.712115372237281719e+00
1.178384744871047118e+01
8.126938753294870921e+00
9.537973202366911707e+00
8.301501570792305884e+00
9.036310751084009496e+00
8.101035330532388556e+00
9.075581222978383877e+00
8.523824260090403726e+00
9.373346956417178077e+00
8.678621133802717935e+00
8.810005487427888582e+00
8.585801805413652232e+00
8.545872556474449766e+00
7.752992458068431070e+00
8.628313293920966132e+00
9.443866054504452379e+00
8.888786262575877117e+00
7.463099202768463059e+00
8.763534852615602944e+00
9.652205603741744966e+00
9.135072462607896071e+00
9.858870956343750436e+00
9.217978374382212792e+00
1.148731090793731724e+01
9.330545812131664007e+00
8.326441832418876032e+00
8.610861304469761279e+00
8.868970996760847214e+00
7.404062126495690954e+00
8.075218686640196708e+00
1.064700756679338056e+01
8.734475560035161124e+00
8.320943801006000839e+00
8.970976935650625705e+00
8.955009662110928303e+00
8.014733279396473620e+00
8.756644226119570718e+00
8.896770740671140487e+00
8.219084084249953293e+00
8.818421595111527012e+00
8.781175630349045136e+00
1.012801833892351411e+01
7.927697244627748496e+00
8.609478779211812594e+00
7.945980061995318700e+00
7.847959192568345621e+00
8.211188377318295650e+00
7.718623582781296122e+00
9.383638272678609837e+00
8.990867210249325225e+00
8.159875243013679835e+00
8.149790534147420829e+00
8.400024622033253507e+00
9.566772326280506888e+00
8.653606221722242253e+00
7.821315656053528187e+00
8.491883137794882686e+00
7.536254304855463104e+00
9.120213881822245128e+00
8.544732769257718630e+00
8.885019829872101482e+00
9.089156312800030335e+00
8.859840737865738447e+00
9.332627318408871275e+00
7.456224116302531790e+00
8.913734591033858123e+00
8.149060888173629280e+00
8.052887267467395915e+00
8.977753670634733396e+00
8.325517552147385203e+00
1.025283370939826000e+01
8.131083790918477661e+00
8.245722428809997950e+00
1.315012759555730071e+01
7.901577247916341307e+00
9.120538524562258331e+00
8.968842777376417885e+00
7.577927319854708799e+00
8.391430009945235469e+00
1.116919779546013913e+01
8.692661116814702993e+00
8.398755091377079651e+00
8.735195457876486103e+00
1.043063178625512144e+01
7.736053409472373410e+00
7.550352547981679763e+00
9.848169824108012449e+00
8.517892494777989043e+00
7.869721106482243655e+00
9.708896579279537420e+00
7.823021135971110596e+00
8.387801871139600962e+00
7.118109279803724654e+00
1.025394253750946660e+01
8.569213957114225622e+00
8.152528152010237505e+00
1.011449588090319196e+01
9.562967405275397681e+00
8.976476547134547346e+00
7.625723046973069685e+00
8.195405281971916978e+00
8.584656428724500188e+00
9.171456682043142905e+00
1.091420312292662231e+01
8.385662243263258375e+00
1.016862686240790481e+01
9.568806106604721862e+00
8.016434944049446898e+00
7.917659503862457981e+00
8.616451121068084973e+00
8.841763213231494944e+00
9.131389338192239080e+00
8.919336875037595647e+00
1.006444506372845993e+01
8.786458180778103255e+00
9.101869525361689028e+00
1.113746703613945144e+01
8.796467696088781096e+00
8.247753725952826187e+00
7.969144555482641223e+00
9.321304161957206347e+00
8.910828457862447038e+00
6.988882994668245807e+00
7.969925560771422113e+00
8.961424581947170509e+00
8.663195492171951173e+00
1.023691198051050577e+01
8.950491268899245512e+00
8.268017023875163574e+00
9.377359011476082529e+00
7.605959510143327051e+00
8.569663440811199351e+00
8.591096378163904035e+00
8.478289848234533466e+00
1.047838477164627236e+01
7.711258969497169602e+00
8.494205034815237809e+00
7.696186119630274547e+00
8.569598197637384729e+00
9.490905438847519804e+00
8.203661504734377274e+00
7.906442973974101562e+00
8.780536104192730562e+00
9.514900265044566652e+00
1.218256479700681538e+01
9.320953982487367284e+00
1.012556690014799798e+01
9.032782131696755812e+00
7.749401445996434212e+00
8.382376467302343315e+00
9.328437608461760178e+00
9.037065084696152439e+00
8.575625749030239220e+00
8.057219943959552211e+00
8.192807162382376163e+00
8.000871385261943303e+00
9.057058091593198412e+00
8.333660683436615813e+00
8.945214814489711230e+00
9.001202825042762257e+00
7.960103298668269822e+00
1.076026968236846315e+01
9.305553161403160800e+00
9.229964404401643563e+00
8.785756523844460375e+00
8.327681694859400352e+00
8.496073273071598209e+00
1.024760140704095157e+01
9.452510613347557822e+00
8.720270613786532010e+00
9.510313506496549607e+00
9.170383467114731957e+00
8.720228824230186859e+00
9.182020553451703648e+00
8.890593029527419588e+00
9.036389732460317958e+00
9.313799903442660622e+00
8.270086076830716948e+00
8.661013470974786799e+00
8.854160975086871943e+00
8.146493324926385782e+00
9.041742693413347354e+00
9.374810924770279996e+00
8.201751892755627438e+00
7.711811093291411012e+00
9.569078809116142281e+00
8.257996968578046548e+00
8.725407484350482079e+00
7.904322906491119127e+00
9.242695646525223907e+00
9.733242591120543352e+00
9.866668681968430832e+00
8.642181638570228586e+00
8.024058998646477647e+00
8.454113644921946502e+00
7.856040174944665999e+00
8.102813289300433652e+00
8.624790019300526467e+00
8.770900268436113478e+00
9.307689777996657199e+00
9.872912455338699544e+00
8.157446337178587470e+00
1.032619708676362968e+01
8.651271118318597075e+00
7.886263787882148435e+00
8.121029169903769329e+00
1.006447975444444864e+01
1.058489034961673347e+01
7.859543693360759420e+00
8.542758036298549129e+00
8.896346244917847201e+00
8.717069500777085977e+00
1.039550206700979018e+01
9.328436207374334543e+00
9.035216287936574275e+00
9.785113461363637910e+00
9.072013169779884478e+00
8.021073663342979998e+00
9.259155088830404168e+00
9.004395405081734083e+00
8.374631157755523247e+00
9.974887323743455880e+00
8.960267464851499497e+00
8.496122309567496700e+00
8.003971395879437623e+00
8.202794651314791352e+00
8.286225505737816022e+00
9.794558122432922787e+00
9.265348806141490812e+00
8.734897324426935228e+00
9.465402560586307246e+00
8.811741911517454895e+00
8.910820885014917536e+00
9.337455307082711542e+00
8.524937382091033911e+00
8.249427995277979875e+00
8.534648637410217731e+00
1.104379186889466524e+01
9.684184189293791434e+00
8.939875405434449362e+00
8.298589160334834958e+00
9.058408581751500321e+00
8.890434124680460570e+00
7.452810009067715846e+00
7.983502877323161329e+00
8.966523647637862027e+00
9.217786716702601524e+00
8.994684059993989678e+00
8.842171123635733210e+00
8.043269989597254366e+00
1.017095650676283469e+01
9.129238174545413642e+00
7.717172312164979786e+00
8.315981761400660588e+00
9.407928601623346765e+00
8.449437936095574031e+00
8.553669505551134478e+00
9.988291512084606083e+00
8.547986731658106407e+00
8.060773334893170272e+00
9.113449397548137654e+00
9.996539796716909620e+00
7.605727205333465690e+00
7.912251982439008735e+00
7.779876326293786448e+00
9.427763627270952185e+00
8.796304733978320911e+00
7.801535939813991405e+00
8.422803747505675176e+00
7.911187907177298584e+00
9.068518702800979270e+00
9.040983283330689346e+00
8.418003543195819560e+00
9.375334267012034317e+00
7.483195731726908662e+00
8.575367798143641807e+00
8.864007965128628541e+00
8.346460089597584897e+00
8.194673191674255008e+00
7.338173532327096460e+00
8.367670971167388672e+00
9.261756857109752161e+00
9.004929566069563407e+00
8.204673634323928155e+00
8.467694063199875387e+00
8.570931012315050168e+00
7.487349144507092547e+00
9.540126587063310737e+00
8.113954733322779944e+00
9.713721677877762417e+00
8.822291101525189916e+00
8.246904124222570687e+00
8.358030372632315519e+00
8.910814655879066848e+00
9.738471353978431111e+00
9.038802696463243080e+00
7.840037488773705654e+00
7.517038142635389164e+00
8.122455951333268587e+00
8.153169743551288207e+00
7.807228117478229201e+00
7.747313849632748273e+00
9.422676908834905163e+00
7.546531602337706701e+00
8.546811588196151277e+00
8.824990719965073893e+00
8.230606903552429188e+00
1.262679438369782403e+01
8.577298449930658819e+00
8.384378912575378706e+00
8.587472271344100960e+00
9.227853967618852238e+00
9.305138095172463153e+00
9.524546894776381833e+00
9.017392879013137019e+00
7.888175159241062495e+00
1.022569957713189837e+01
8.794836446806128194e+00
8.533517108164881293e+00
8.398811824717238750e+00
9.084730121313770113e+00
7.488998611403020256e+00
8.405705940835122902e+00
8.071749319451603455e+00
7.939650583531522976e+00
9.115789024030011234e+00
8.793072316452306580e+00
8.895230257308735844e+00
7.605003548528662449e+00
7.877768979203692012e+00
8.456383231262705635e+00
8.334254108295876762e+00
8.192674666409860862e+00
7.733892371475576510e+00
9.682932077612990796e+00
9.322213012002555033e+00
9.477331167811641421e+00
1.050771377821136809e+01
8.250979043511396327e+00
9.598952169439941784e+00
8.669658801427040373e+00
1.132424803992509688e+01
9.497158673982784904e+00
7.799592395923617971e+00
7.846890323800453260e+00
9.710419985309199475e+00
1.046495333075575651e+01
9.307720413865162357e+00
8.021704771569570624e+00
8.518993946229761249e+00
8.272471215864445782e+00
9.574653279113084281e+00
1.014872518214131958e+01
8.546262928140611947e+00
8.311689485888054563e+00
8.809275891154936033e+00
8.229023123894013025e+00
8.772638202703877397e+00
8.059325671763557963e+00
7.777300433191797424e+00
8.012852701197395788e+00
7.496568210010324584e+00
8.513889105629266041e+00
8.307592695403776872e+00
9.655920332240057746e+00
8.624553203315857175e+00
8.425040995576994263e+00
9.152933683742826787e+00
8.305528796371113742e+00
8.752870593108667663e+00
1.090629629391840716e+01
9.277528850941466843e+00
7.768007179954775410e+00
8.410380620761886306e+00
9.243531164547142964e+00
9.945445261492807276e+00
7.787761482744211428e+00
8.250241974788245614e+00
8.595589497290148984e+00
8.977501089682643709e+00
8.768182193268781788e+00
7.903707850508757460e+00
8.073484815846608598e+00
9.347169854859973981e+00
8.945421096550385087e+00
9.465470228619576432e+00
9.437099182366608829e+00
9.142020639848434271e+00
7.913359077947813347e+00
9.021032271378043532e+00
9.846859943983032437e+00
8.591247102673470692e+00
9.067735717169608023e+00
8.041396191694964557e+00
1.062875281318054554e+01
8.132076613482976057e+00
8.329914157477004366e+00
9.788912519661263190e+00
9.394506875284793779e+00
7.920929955476401219e+00
8.921980660837498078e+00
9.099631582696368071e+00
8.586133455431458117e+00
8.460607802070128969e+00
8.936031792505463756e+00
8.742081877120767786e+00
9.911013372458747028e+00
9.269661666078263806e+00
7.836282009575470830e+00
9.051598441427566755e+00
8.733663923717237765e+00
8.146788141421449581e+00
7.794605193396631826e+00
9.541676895881298748e+00
7.431276829554171570e+00
1.004645230330401695e+01
9.419634331891192147e+00
1.040948828562634709e+01
9.351023852359103827e+00
7.604525558935335994e+00
1.060267793269305514e+01
7.911358556826480815e+00
7.621316694304507422e+00
8.401451179605146535e+00
8.942698029460043330e+00
7.645557624862389545e+00
8.820188031164986953e+00
9.394099606906078037e+00
8.953652024505169393e+00
1.127286933027067306e+01
8.522316154464530058e+00
1.145896623015064364e+01
7.732971711954299110e+00
7.918983670459635249e+00
8.435268260648674854e+00
8.238288982146105610e+00
8.370804443938098416e+00
8.117663947286683168e+00
9.022211410603823367e+00
9.126787546184855771e+00
7.702178761115595407e+00
8.849388742664700658e+00
8.849952396633186780e+00
8.965144236198103300e+00
1.001112963093979502e+01
8.573492959092854804e+00
9.744150526509788079e+00
8.583889530236449517e+00
9.670505185663380132e+00
7.715932631754598425e+00
8.573847706618373365e+00
9.022002795164794975e+00
8.838861691251706176e+00
8.110347483632056154e+00
9.373960568990362674e+00
1.002590717694291200e+01
8.285600287983319490e+00
8.925208419277025129e+00
9.499564667348977309e+00
9.218873734328514757e+00
8.530305080339401158e+00
9.376020884193685845e+00
8.698059236837814012e+00
1.001509356672331563e+01
8.105336242651212331e+00
8.897010136180433904e+00
9.139719633188754244e+00
7.064488332909633961e+00
7.581654551545318199e+00
8.892121324046293296e+00
8.859213676421543227e+00
9.263910699386531888e+00
9.023008824265099648e+00
8.535863267449242286e+00
8.991891430999514156e+00
8.794852477504099042e+00
9.631414374650571375e+00
1.160693833905997785e+01
8.774042324220703293e+00
8.350609353737594276e+00
9.657567806189829795e+00
8.231416585564563348e+00
7.819090166987923141e+00
8.331822963285780759e+00
9.782447172926898915e+00
9.258653449698961424e+00
9.085548493395425140e+00
8.828952672176239247e+00
9.768634150896323476e+00
9.118416590557544055e+00
7.645086076634902028e+00
8.004504079519831450e+00
8.573678972719658731e+00
8.182520969786175158e+00
8.729676871562780605e+00
8.453228537348099536e+00
8.836699877484811338e+00
8.258544445041360760e+00
8.475461325679038538e+00
8.797528178102608010e+00
9.631114214022039377e+00
9.980150272497549935e+00
1.002015573054787900e+01
8.998948474400430442e+00
9.130956481391756085e+00
8.873660540844641176e+00
8.316290775712191774e+00
9.091703047812497829e+00
8.441675981334325840e+00
8.087274260915767954e+00
8.181555692284083747e+00
8.865321260342374998e+00
8.008724324213837065e+00
8.815465127734041673e+00
7.753977433884998050e+00
8.747871229449089014e+00
9.026791478372649280e+00
7.885852937133715379e+00
9.285581184267682531e+00
9.077212933274257267e+00
9.462892440711133446e+00
8.864514750001056598e+00
8.735999838521273375e+00
8.151449747615931329e+00
8.505795419767714804e+00
1.084322856394953405e+01
7.483446725499580232e+00
1.084016425366873548e+01
7.641861745561982389e+00
8.266282546309566825e+00
8.079520510797516764e+00
8.881941965245783166e+00
8.504030544071662590e+00
7.818340200732635914e+00
8.411499657891168269e+00
8.996377945401320630e+00
8.674172142643241656e+00
7.382869237415128794e+00
1.061349039644223069e+01
9.088725408885972357e+00
8.656198704445460024e+00
7.798986941024079300e+00
8.323391876072097517e+00
7.965964658555978239e+00
8.780640840627068400e+00
9.477290532632178355e+00
9.600470112018202329e+00
8.513084773830264851e+00
9.093299006186228439e+00
9.016762235423602334e+00
8.955520004557341096e+00
8.222516672933691595e+00
8.555933247293165067e+00
8.525590636633326724e+00
9.929061308413320575e+00
8.111152126776589810e+00
7.977580507862831460e+00
8.382036752413380754e+00
8.534672424477065533e+00
7.880690212521109572e+00
7.309282689727586657e+00
7.641560546854917924e+00
8.416486554043210333e+00
9.344507709791351147e+00
9.126941791008233551e+00
9.650723708221391917e+00
8.221301280039650550e+00
9.449191654263279005e+00
8.183253905843526965e+00
9.036178561901952122e+00
8.172521342877129058e+00
8.153750582520551404e+00
8.636761310317503160e+00
9.573927647376587302e+00
7.421304451111778278e+00
8.816773109589727042e+00
1.044530292293550389e+01
8.129162488383739671e+00
9.762200460164294213e+00
8.703309847956278489e+00
7.957816121302296430e+00
9.485108776933682151e+00
8.942661074880522420e+00
9.136415890254138361e+00
8.847211712545330897e+00
1.138092358906667734e+01
8.593194897554589318e+00
8.929690546500793857e+00
7.145962744395395028e+00
8.263487168728662624e+00
7.932719941716271705e+00
7.494722584014862576e+00
9.251458918919094998e+00
1.036490547163771048e+01
9.307127147697364933e+00
8.002771455574343662e+00
8.386406358283494455e+00
1.049392221901789668e+01
9.357395646739032458e+00
9.472033386347373352e+00
9.234692227324188707e+00
8.080025129953478213e+00
8.878623532315073064e+00
9.534730259550622478e+00
7.932649404231534973e+00
8.056295098220026318e+00
8.359941922912980772e+00
8.217694249102608595e+00
9.591295474125830722e+00
7.871702482082193697e+00
9.021382582555418139e+00
8.461200497747796589e+00
7.087158898249692029e+00
1.028121225438002817e+01
9.754869044119629962e+00
7.644862529610328750e+00
7.902828992283729370e+00
7.994772644908453074e+00
9.941464885986395217e+00
8.477435890938306073e+00
8.380072949746356414e+00
8.421493976850797480e+00
8.305033737336334099e+00
8.419928948957860371e+00
9.613761716839054117e+00
7.814162596094522684e+00
1.026087849200453661e+01
8.485725349206388657e+00
9.153350115608333226e+00
8.999205034419407667e+00
8.392319792921652422e+00
8.450002664606348191e+00
9.609387946307993644e+00
8.052368551953010822e+00
8.911692381621875825e+00
9.785865226804975947e+00
7.747377826271572232e+00
8.253483771108193423e+00
8.106316049763591991e+00
8.083764816407494891e+00
9.133341646401214931e+00
9.196158807610007813e+00
7.960254692639697538e+00
8.971981053766057812e+00
9.579455575702915837e+00
9.333652950009021509e+00
8.667692348986237860e+00
9.372548286343061363e+00
1.021165878571795993e+01
8.056308759491136229e+00
9.261692188066730225e+00
9.475896476867616158e+00
8.774301666021194990e+00
9.475731655690076138e+00
8.948215643941539454e+00
9.902234096644630057e+00
9.345329467759217579e+00
9.299918629754479582e+00
7.285266406303639641e+00
8.393619132737113020e+00
8.186010532513499527e+00
8.809414435899560303e+00
7.758118617484980106e+00
8.084035153178266597e+00
7.902600997756764833e+00
9.461896947110080447e+00
8.506328623518886189e+00
9.315874721388231805e+00
7.591737793198548800e+00
1.065604072220078002e+01
8.683979310848519262e+00
8.573389611467675309e+00
8.895589936757506422e+00
8.828261421177423074e+00
9.136635459354293332e+00
1.056972323353700816e+01
9.163376121720700596e+00
8.000177914131569423e+00
9.142120119241988974e+00
8.287364757913600499e+00
8.908319691261558759e+00
8.611988312246385391e+00
7.665597405400926156e+00
8.066115843798831619e+00
8.826987289321714059e+00
7.633851021653816460e+00
9.230210991275891175e+00
8.673093942149478153e+00
7.753068562356519422e+00
7.246287735246156103e+00
8.635486274350306246e+00
7.911884222853917237e+00
7.871715237948020416e+00
8.219504451436160153e+00
7.662079727196357659e+00
7.853100498716928612e+00
8.464716098627050656e+00
8.348247132473112231e+00
9.365361903564339840e+00
7.950146548001443492e+00
8.058050449890036049e+00
9.074700032292351892e+00
9.229938484725913383e+00
9.740133766323012310e+00
8.552130063335654953e+00
1.097361624896679189e+01
8.278087259191446279e+00
7.900348552214161657e+00
8.136989504206722401e+00
1.019312873385552365e+01
1.162048235666680540e+01
1.009495857880351899e+01
9.404801550336056692e+00
8.404548209946881343e+00
8.416614393321481202e+00
8.848837566469779148e+00
7.974363643681829927e+00
8.107437600307026315e+00
9.679393814505989013e+00
8.447901008257979072e+00
7.951371304750706415e+00
8.879932768620447447e+00
9.968005490308032179e+00
8.441663052844958770e+00
8.403686828882205972e+00
9.605745273119453032e+00
8.483928144389071946e+00
8.453953650089754746e+00
8.128211773936282469e+00
7.530894253616818190e+00
8.434438746101552198e+00
9.413514127497634831e+00
9.365565087814298195e+00
9.834080486349485284e+00
9.066279856372103652e+00
8.754243050166312656e+00
7.653050419263466964e+00
8.257022973195425664e+00
9.205699900606381547e+00
8.054551570930943427e+00
9.877168760719071017e+00
8.261902034887157242e+00
8.949292755570450453e+00
1.099209666868406998e+01
9.571717568971511270e+00
9.730529266083651763e+00
8.842546977223884497e+00
9.919939406663022652e+00
8.981886023964435140e+00
8.462270277515424155e+00
7.878356351845487993e+00
9.019130157275387916e+00
1.183040529650437200e+01
8.996953151630428636e+00
8.641473292590504229e+00
8.459277042352816522e+00
8.883262891847493847e+00
9.142187352336524242e+00
8.988951211758688942e+00
9.278912943612459330e+00
9.633606049637872815e+00
8.431197521975878573e+00
9.242434130515519541e+00
9.506344602054436876e+00
7.669460767773603749e+00
9.985133231921226482e+00
8.114149773060306714e+00
8.336342370489091991e+00
8.721281036767631889e+00
7.159814468680927746e+00
9.108406009622331823e+00
7.812758253060881231e+00
8.547618797320485129e+00
8.218536108290301456e+00
9.001804156752138297e+00
8.321841956813463170e+00
8.791044074700900879e+00
9.689134857327646344e+00
7.696915922541105459e+00
8.831601614377488474e+00
9.207436289618229353e+00
8.674430059651967895e+00
9.373056482804715372e+00
8.529029896634590102e+00
9.103303047284734717e+00
8.825034214138442579e+00
9.363824875195959407e+00
7.884105602579657202e+00
8.108607986516368271e+00
7.875229793517347865e+00
8.556488373604230091e+00
7.943640388696865173e+00
9.764188608915119971e+00
9.099039532811495690e+00
8.644665648754362053e+00
8.715191615474562781e+00
8.830485872422965343e+00
8.549495624114904047e+00
9.078545430010855455e+00
9.664930976924566153e+00
8.606050155461369755e+00
8.492097776085588023e+00
7.538327879623244243e+00
9.348261076666894098e+00
8.274384544565165811e+00
9.067423139246233887e+00
1.098042654621669101e+01
8.710475613475363588e+00
8.561487389697038708e+00
8.861999929006920240e+00
9.749217400300448588e+00
8.195968171495946919e+00
8.667437642769591832e+00
1.119161169378982734e+01
7.677958927869120487e+00
7.400826914829337966e+00
8.076863955703402098e+00
8.759422261633439177e+00
8.938488761256746074e+00
7.619042145354013584e+00
8.044309140244813250e+00
8.000992258034795412e+00
7.898097569636988169e+00
8.234817051228676021e+00
9.029649192296389515e+00
1.086339230432739811e+01
9.093088396607127422e+00
8.897071863798689861e+00
9.699744562057357911e+00
8.322292149261246053e+00
8.708467823524310703e+00
8.012183573785044644e+00
1.145140906767405298e+01
9.194778384409607597e+00
9.107325543398147261e+00
8.209922583090424553e+00
9.662752624868012674e+00
9.842811802980241609e+00
7.475378939533803724e+00
1.114239156809588494e+01
8.273255310047925803e+00
9.184904821096381511e+00
1.044852473663550008e+01
7.191672606009556823e+00
9.059463365735947349e+00
8.147998042539249752e+00
8.614059592241080310e+00
8.881945365762968336e+00
7.401760233575553016e+00
8.629833603837290923e+00
8.791221151303194148e+00
7.897462840608677759e+00
9.983564629726934925e+00
9.684230683736206657e+00
8.151137256292084743e+00
8.818768901322014742e+00
7.319023311749616845e+00
9.280323646748417588e+00
8.634330177090747682e+00
8.230723277685374484e+00
8.352290993379476447e+00
9.028754187690230637e+00
8.921755919946850355e+00
8.270346190058075919e+00
7.873448178656914820e+00
8.843902595138803946e+00
8.746831331782976449e+00
8.056901773170860537e+00
9.003463874302751080e+00
9.033639975457587568e+00
8.873711832112324061e+00
8.263712853371494305e+00
9.423029212457846526e+00
7.964818023797900715e+00
8.545282570321672821e+00
9.072564494167332683e+00
7.863550473290691123e+00
9.539701104275184917e+00
9.261051102626760567e+00
8.294750565844530854e+00
7.060870635264406836e+00
7.956515240127786548e+00
9.514323906809137199e+00
8.217938808943667794e+00
1.049618843730457485e+01
9.195445619257515801e+00
7.716090531873980751e+00
8.214878608695427076e+00
8.741213435489914474e+00
1.027498887475858602e+01
1.062101754388488217e+01
8.333379531000497664e+00
8.545075835583521240e+00
7.997514175108844547e+00
1.048087873804849224e+01
8.761615589029943862e+00
8.958624519347251791e+00
1.180871809710570552e+01
7.679515330120597838e+00
8.991588223523706347e+00
1.121798635203884054e+01
9.220372141876197247e+00
7.616808468307170621e+00
8.557876757195769457e+00
7.821880504091845765e+00
8.211164989776971623e+00
8.807195054523283773e+00
8.629122693011087364e+00
7.858820566761801629e+00
9.862080938798179375e+00
7.681948406724540490e+00
8.636327400482024075e+00
9.089592401441326075e+00
9.686530895555035769e+00
9.812325435169860555e+00
7.737382253446400071e+00
9.021131168394814992e+00
7.064246049910911651e+00
8.950370796542777896e+00
8.541367391907456863e+00
9.008566594688298679e+00
8.407040269072602712e+00
8.766230735591049594e+00
9.012749432589867382e+00
7.939855828437603513e+00
7.830146846434715258e+00
8.346116787943859805e+00
7.843657328327966027e+00
7.357707792445053130e+00
8.194323250309306417e+00
9.929633996050124978e+00
8.484871888389490024e+00
8.616819936092642962e+00
9.736562166753868652e+00
9.624196204829566170e+00
1.339130321263525225e+01
7.946684523181069437e+00
1.030175724447142116e+01
8.623205764036319110e+00
9.100406238965771166e+00
9.313867020217793780e+00
9.657084358750298136e+00
8.871579445534244712e+00
7.482447899568198224e+00
9.396921856451902144e+00
8.030622124343306467e+00
8.122766418479509198e+00
8.338502369507338585e+00
9.902966495173991746e+00
9.606476627684935821e+00
1.021492272880053420e+01
9.799849748973237240e+00
8.473885698133578614e+00
9.703886573534502347e+00
1.087747181681893949e+01
8.697101897598713549e+00
9.324606022475443012e+00
8.930643843491342437e+00
9.126388761469168998e+00
9.380540243222114327e+00
9.227630240116589277e+00
8.854856463802491362e+00
7.681032053137220927e+00
8.268081812156157895e+00
8.203147263301735492e+00
7.402215595676644888e+00
1.067297505875099617e+01
9.474817011568331893e+00
8.063578311690324796e+00
1.081081959333164022e+01
9.576961803045676902e+00
7.846527217187183822e+00
8.854315530955059188e+00
8.746897211746738066e+00
7.670707672304411417e+00
9.544721835631818863e+00
8.373292209842315259e+00
8.083146849921121202e+00
7.660026424563781688e+00
9.209245171706511357e+00
7.062712743489011125e+00
9.115141569653511411e+00
9.522549997736716065e+00
8.861450039760503827e+00
9.226300573737965749e+00
9.222050608236132874e+00
8.285868459065387270e+00
9.331499120543561787e+00
8.121147277374426210e+00
8.397057791627883461e+00
8.843324794552406942e+00
9.156274027400648663e+00
8.381233904488450293e+00
8.020862644917162498e+00
9.040563959654404513e+00
8.374832968834269309e+00
9.520813107796273655e+00
9.868161092415242308e+00
7.259625165582967554e+00
9.604431701655183673e+00
8.682754939594023114e+00
8.314531502595954748e+00
8.006212575467932524e+00
8.004727986066981771e+00
9.967580726708453298e+00
9.182044116946570966e+00
8.032964089841978961e+00
7.921915694166060007e+00
8.554561737888459305e+00
8.176521982920114340e+00
7.900217292162688310e+00
8.235807525661080319e+00
8.688768349660003665e+00
8.164995560983316025e+00
8.739910194941771238e+00
1.007991809578485665e+01
8.688391210467194981e+00
8.627557070350402313e+00
9.838794894728204454e+00
8.226607318695871029e+00
9.624962663588412681e+00
7.962625181790784268e+00
8.180661205017091930e+00
8.662520064707516454e+00
9.077849232980563343e+00
1.019203086170344363e+01
7.059706094295337131e+00
9.174799851786502813e+00
7.610947081708459905e+00
9.309794539151095449e+00
9.460556358579571778e+00
7.610907877721640347e+00
8.973726474093465910e+00
9.807408521158123449e+00
8.897720029553317644e+00
9.852197431285723894e+00
9.450269949950641291e+00
8.304263056217555672e+00
8.963940001678981417e+00
9.549747893036183655e+00
9.196076940721866322e+00
7.808590501210304069e+00
6.769287570796404196e+00
7.845618464786241475e+00
9.738419445162673327e+00
8.104967624187615627e+00
8.666940606251305468e+00
8.900854395517161066e+00
8.469708811242952606e+00
8.401660662186561268e+00
8.346793658948946870e+00
8.708702040154973290e+00
9.026573767614543442e+00
8.258007291768100444e+00
8.898229714646138433e+00
1.019691686442322975e+01
9.599096754663523967e+00
9.373111228876446432e+00
8.273641584683756989e+00
8.688460742319744412e+00
1.057460720463232207e+01
9.183799230007128500e+00
8.278227173302024511e+00
7.627886169099296509e+00
8.866408263511024401e+00
8.762711906618571689e+00
1.047354268246457565e+01
7.905604034371836342e+00
8.935166983611360081e+00
7.957474062631280987e+00
8.643115848123912315e+00
7.719378264823931524e+00
8.384070789548292879e+00
7.362085518373072013e+00
9.273459032653367018e+00
9.318223414035673002e+00
7.807743407074786646e+00
8.920020234216384125e+00
9.492818902470727238e+00
8.656136672265557053e+00
7.604401667454645519e+00
1.009530453371548120e+01
9.125566193222450551e+00
9.364706417001848138e+00
9.448229223812594668e+00
7.958118672061115006e+00
1.091227902995039756e+01
7.303104655080519869e+00
1.104570970410106412e+01
8.088355456184334713e+00
9.689232881588395685e+00
9.114419854323401182e+00
8.552204495714498478e+00
8.228735653130378580e+00
9.288553861598366268e+00
8.801766238754101579e+00
9.204155662801845494e+00
8.458046559105671491e+00
8.470957003534710594e+00
8.290319641465416112e+00
1.084966448761197810e+01
7.764360589239451826e+00
7.945119469158465897e+00
8.926128668697026924e+00
7.693470273045283747e+00
8.483358919986994096e+00
7.918620642780357599e+00
8.525842346881344014e+00
8.527625880121762592e+00
7.938237508550300525e+00
9.064403910547961019e+00
1.073063944542345638e+01
9.521249817177373842e+00
8.018599026013092157e+00
8.692105908133228809e+00
9.617213903371579775e+00
8.819434633588134176e+00
8.302667177864169190e+00
8.376094161051277354e+00
8.002120140742690069e+00
9.534472223071771779e+00
8.118837346776690111e+00
9.204489398337049266e+00
9.550905595660639236e+00
9.653060736927390195e+00
8.713198073387037113e+00
8.567018499519917896e+00
8.203275213864333892e+00
8.504536484150523989e+00
1.032040287744572105e+01
8.602134183014293001e+00
1.039735510991775236e+01
7.286021624451551659e+00
7.987635565645645919e+00
7.711789522646108175e+00
9.266691590888209262e+00
9.396580930952159960e+00
8.145215933216125137e+00
9.315202142736520585e+00
7.690424514371801301e+00
8.564947229086653735e+00
1.010058428841121270e+01
8.515307575964037312e+00
7.804569167746101321e+00
9.060983652420734558e+00
7.602614765166613608e+00
9.456157619494547362e+00
8.908134236915852711e+00
8.151489625850345533e+00
8.363252140743902885e+00
9.097322447628112485e+00
9.056176628543257223e+00
9.724563271541740050e+00
9.763002025700167508e+00
8.391233711879008794e+00
9.072964461372933442e+00
1.069214794185888806e+01
9.298397489373837033e+00
7.807934865618627818e+00
9.060139562146627412e+00
9.266427477937437374e+00
8.463087991872209059e+00
9.186090156152587838e+00
8.652824537753403433e+00
1.016063185798378932e+01
7.731087206909859511e+00
8.342618254520626664e+00
7.839453633104523256e+00
9.825241850196482218e+00
1.050414466862585172e+01
8.072176018707931888e+00
7.624959154004852024e+00
9.108948947056235923e+00
8.976076847016541294e+00
8.258204390431089337e+00
9.608192476463736753e+00
7.883466888904451686e+00
9.059562359660873199e+00
8.913974672216944839e+00
7.417625967113806951e+00
8.625253545666495825e+00
9.134469046210401899e+00
8.265306933788059141e+00
9.085282572112401311e+00
9.357626165633288196e+00
7.888762877399416062e+00
1.028740272344338003e+01
8.723413897941746598e+00
1.007951084642198580e+01
8.570866466863737543e+00
9.258153704519164862e+00
8.359992331337465998e+00
8.672376570842299515e+00
8.002420510519787200e+00
7.723298412786471445e+00
9.849066127506578283e+00
9.728861854450425284e+00
8.577768414334158820e+00
8.181227584717269963e+00
8.366138625058940903e+00
1.013184505709878103e+01
8.644765709273485754e+00
9.842854671293970625e+00
8.541204954949442651e+00
8.492377954571919574e+00
9.151824815286646597e+00
9.967612408293636150e+00
8.273731928828432558e+00
9.500687006678532498e+00
8.544213040884184096e+00
9.544255580056672628e+00
8.064337197173870209e+00
8.036288440391043508e+00
8.094827074873265360e+00
9.413299501883731324e+00
8.844382384862839785e+00
7.929455258349360491e+00
8.618185296817475916e+00
8.726061959584797023e+00
7.833409088029496203e+00
1.017974632785940159e+01
9.846591623223517331e+00
9.446900540454539197e+00
8.160187449585642128e+00
8.326831116362562568e+00
9.827009402948046812e+00
7.731580056756524044e+00
8.841329301703902743e+00
8.667029519736393794e+00
8.180181165620943773e+00
9.074050374393360485e+00
9.040387766370791667e+00
9.045570566174426119e+00
9.239055582285638835e+00
8.554246258721928342e+00
7.774868565416615418e+00
7.992152073401663337e+00
9.086373189690371888e+00
9.994916346377959115e+00
1.276781376307483384e+01
9.473135762770297674e+00
8.307063894196790699e+00
9.192574336329805362e+00
9.006286195650710980e+00
9.975912329294924774e+00
8.480307276541390493e+00
9.515384563944229157e+00
8.801301264849257677e+00
1.149053630529792613e+01
8.917115259811172479e+00
9.626697689764736054e+00
8.145454189250473931e+00
8.238147239959527468e+00
8.716550087580067441e+00
8.517212300633582700e+00
7.909481135481854608e+00
8.155502509988258097e+00
8.453625302561022181e+00
1.002897381665976262e+01
7.979275562280307987e+00
9.319376309838537153e+00
7.627125769991324411e+00
1.014769701584166128e+01
1.011120161774624648e+01
9.851536097932411806e+00
8.702134920056726841e+00
1.140481819100641303e+01
8.038361845560933361e+00
9.406162012958773744e+00
1.056805538328638150e+01
9.207823476148558228e+00
8.641390522236957139e+00
9.486697490631550878e+00
8.911866071385638577e+00
8.589956629041370917e+00
8.814440479585885058e+00
8.691094227429655206e+00
8.583099264090867209e+00
9.468388958728340299e+00
7.741457589890950786e+00
7.912571040277513568e+00
7.463420951885648691e+00
8.027735315155315021e+00
7.995963207977265341e+00
8.639346671237255748e+00
8.539593233613819834e+00
8.457539002768903913e+00
8.273832250003792410e+00
1.091338889853325966e+01
8.462727318509241314e+00
8.543514215236054810e+00
9.500911794354342632e+00
9.284524085989779962e+00
8.884765770688229480e+00
8.426189297975700043e+00
8.779524436758297412e+00
9.170231338457996983e+00
9.088152294290754440e+00
8.568292518944982561e+00
7.646745156053363246e+00
9.100338775490861565e+00
8.679073875016378281e+00
8.162091414133339384e+00
9.951651252667359060e+00
8.675859411218482364e+00
9.215840892634856729e+00
9.141232839823505429e+00
8.485060452728250269e+00
8.957295095330639612e+00
9.925376447819770576e+00
8.384567444589260177e+00
1.232864331347931319e+01
9.651084160411954826e+00
8.705001280353547699e+00
9.428187828733278764e+00
1.081507699760915386e+01
7.210588187632243518e+00
6.883792575600443442e+00
8.835723509782951623e+00
9.413783423836264319e+00
8.134737912691804240e+00
9.613566267323147230e+00
8.370595939189426460e+00
8.843099354450536964e+00
9.716360827543232048e+00
8.142539582981903834e+00
8.387126455943409553e+00
7.977792661117481643e+00
8.366623380040207891e+00
9.053566724326852722e+00
8.705227496898000794e+00
8.601884504876277759e+00
8.556407436969559299e+00
8.281057541770454833e+00
7.870701789680500937e+00
8.010886348370274135e+00
8.017357946727340590e+00
8.921871969275922964e+00
1.019427052387697685e+01
8.745647440958162377e+00
7.783730314548074958e+00
8.411334048809878894e+00
8.848007344185003120e+00
8.596491173945809194e+00
1.061426600676588095e+01
9.025227522475375963e+00
8.677712932286191005e+00
8.327603221082995333e+00
7.812647392492075404e+00
7.901180796568311848e+00
9.602062462848795832e+00
8.871624020303478630e+00
9.702797106816458239e+00
8.099593595904426735e+00
8.390375675069549288e+00
9.057137256486118559e+00
8.793281211400042707e+00
8.175224098756958213e+00
8.731112549529855826e+00
9.074228588415614638e+00
8.050065968297474228e+00
9.034127643254587170e+00
8.469778510370774782e+00
9.128577376821416678e+00
9.533008151141341813e+00
1.034666308556706760e+01
7.840816476903540888e+00
9.415546270897507952e+00
9.265046339590693236e+00
8.328299067543870393e+00
9.248764652798737274e+00
8.400466047155761729e+00
9.208485083176356056e+00
8.277948454106788034e+00
8.840555325659515518e+00
1.021173963875473589e+01
9.797712244085420963e+00
8.381208203031979664e+00
9.341405338165687411e+00
9.230038689549061814e+00
9.738495962906091208e+00
8.198386624020567837e+00
8.604083616135213219e+00
9.414332078637205115e+00
9.416562816646054657e+00
8.337576547489728540e+00
8.449546030271076091e+00
9.206294390103488823e+00
9.063848498101311435e+00
7.782676785855125345e+00
8.384207522422610026e+00
8.380986186348064138e+00
9.933593365759818994e+00
8.277660502014835942e+00
8.538207926321316421e+00
9.621947614240527358e+00
9.063845552140492146e+00
9.747323721542469954e+00
8.688817050657826613e+00
7.247471484407146392e+00
9.481935126200319530e+00
8.824975055986449490e+00
8.875895744939562348e+00
8.471417946533140508e+00
8.163194027455576318e+00
8.398055372888542536e+00
8.015429619443288800e+00
8.796802318349577376e+00
7.865555491015978617e+00
9.078365082383925255e+00
8.469785097780718530e+00
9.565050611030688543e+00
8.377042950287901135e+00
8.148657280945988290e+00
8.888021289910904343e+00
7.765778687867722851e+00
8.243381856072383940e+00
1.145669826630517996e+01
8.102761140841735710e+00
8.153136032771008956e+00
1.135646589419707730e+01
8.673585233585841436e+00
9.116852099146070643e+00
8.590966443824077814e+00
1.074708970606039315e+01
9.086703371297559784e+00
8.842122809044560938e+00
8.899098361026995363e+00
7.390395673213999039e+00
9.540929356125417371e+00
8.549799031654670145e+00
9.702269416718189987e+00
8.855700843543029777e+00
8.688830229629147084e+00
8.893752661198240261e+00
9.131783018246180106e+00
7.897145631641927288e+00
9.643910209099194830e+00
8.635083171854001094e+00
8.745882983388211684e+00
9.837291166618193472e+00
8.543307629755569010e+00
1.202507328965539024e+01
7.996132399583377293e+00
8.393966817225702925e+00
8.165359048556005916e+00
1.057202695240802370e+01
9.201817685674201996e+00
8.518383017322763706e+00
8.920808047669257945e+00
9.101986782805226994e+00
8.969469003155790432e+00
9.334602058673524994e+00
8.581103814725306478e+00
8.792347126844003213e+00
1.014651510083897890e+01
9.337390134787808549e+00
8.295949038525295194e+00
8.175695280203687076e+00
8.137055744545401481e+00
9.320381860202912705e+00
8.034521517939815283e+00
9.056389732160457839e+00
9.143664410424660716e+00
7.604944115501716340e+00
8.797638038751010470e+00
9.885497256558149815e+00
8.609602349524472231e+00
8.720911093793628055e+00
9.920112842284467547e+00
8.049504654083671440e+00
9.569792107359955224e+00
9.078028053646155726e+00
7.699697688026759579e+00
9.621881445187487003e+00
9.292781739706846622e+00
8.027013461728643051e+00
8.734207868219247217e+00
8.136301136421787206e+00
9.179770285396028129e+00
1.066816120760156750e+01
9.903141999063363343e+00
8.436440110731673769e+00
1.086239067763004229e+01
8.428713362491853545e+00
1.001858200646014296e+01
8.055094528449901148e+00
8.500782844275954986e+00
1.175756627389156961e+01
8.537053911114769633e+00
9.555356309485269151e+00
9.013412423901645099e+00
8.741365472202428322e+00
8.667126779052082952e+00
9.417914779527762903e+00
9.397604378881323939e+00
7.442687204490209041e+00
8.609443187650873242e+00
8.501432101602453884e+00
8.934209170407322986e+00
9.096305600740830499e+00
9.072542864750300140e+00
7.682620785535261732e+00
7.025166467779607515e+00
1.033539442577495748e+01
7.661997274014988868e+00
8.001259767954893576e+00
9.118177690117081013e+00
9.334168967111693860e+00
9.446800059002848471e+00
9.546525165312136352e+00
9.521066867477465223e+00
7.053506168285776923e+00
8.955679075727012162e+00
8.226773125276297449e+00
8.813948325845343490e+00
8.536677178201319549e+00
8.869533417696867872e+00
8.632283442366169623e+00
8.506852134549079736e+00
8.146081213507956775e+00
9.313129780483762943e+00
1.003094106347442960e+01
9.904485732319514568e+00
9.838800445573506082e+00
8.313520189733017318e+00
1.139859834904493852e+01
8.730628832604839573e+00
9.427451333178282766e+00
8.974211311354553189e+00
9.087731662113247566e+00
9.090776680951410782e+00
9.624221270892356017e+00
8.292008253169855791e+00
8.268992175411410628e+00
8.198792351018763469e+00
9.630904457995011825e+00
8.762536924659077187e+00
9.002464673360552894e+00
8.064627148527366174e+00
7.912554748059482890e+00
8.392217086147670813e+00
1.056762457526428101e+01
1.033544451545235354e+01
9.301958891690341957e+00
9.033847329902112477e+00
9.519739211685157798e+00
9.593405800985815191e+00
8.464791779889830892e+00
8.294032520704805123e+00
8.896892033385228160e+00
8.438108233994109142e+00
9.681474771970052018e+00
7.927074662530941396e+00
8.112433777410451796e+00
7.493738335804994932e+00
8.780045307424547474e+00
8.584860977366227885e+00
9.010335954053147134e+00
8.480858002647975624e+00
9.412438154257303680e+00
9.226179487695896242e+00
8.464335619696395696e+00
7.547178641193998949e+00
8.640786511623311128e+00
7.764713746822007323e+00
9.578199843030676064e+00
9.188677851765866933e+00
9.402665971011606061e+00
7.752352117608594995e+00
8.778921430495934430e+00
9.675341788182146630e+00
8.852270037736138519e+00
9.498135839201532704e+00
8.527799821570059891e+00
8.240181334361771803e+00
7.803948327667049156e+00
9.367801098222926726e+00
1.045563355409199247e+01
9.371536799960486164e+00
8.621021883512696604e+00
8.718875652520097219e+00
9.676025490085141456e+00
8.747821782179638461e+00
8.946389644118855955e+00
7.448205029903292917e+00
7.311455617618714875e+00
9.520449684854028760e+00
1.029133931011582348e+01
8.501353012327131253e+00
8.399615277029997884e+00
8.365291405214618337e+00
8.018813366283115585e+00
8.181588494307646897e+00
8.840539609451141700e+00
8.736500758782035803e+00
7.576449168887683605e+00
8.028869429838959348e+00
9.236233405644714622e+00
9.108639381647577693e+00
9.533678935163232282e+00
8.155064215833251140e+00
9.208820485605508921e+00
9.285036304470249746e+00
8.351693129933341453e+00
8.496040397547403700e+00
8.386748326069124460e+00
8.324989895763431846e+00
1.052625884442915805e+01
8.542647054414425511e+00
1.025436897873191455e+01
8.170082179298749026e+00
8.426438544401902320e+00
7.288290721662910698e+00
8.976904281075015035e+00
8.691521166281734878e+00
7.867184783795817538e+00
8.987925893808901279e+00
7.665396207724277211e+00
1.036782088404095603e+01
7.946836794290352834e+00
7.811980050247304241e+00
8.369458160337098107e+00
1.067995476067969918e+01
9.417878928656126192e+00
8.120334800410800469e+00
8.888103468047962252e+00
8.254212104254470717e+00
1.059677039655090880e+01
8.275501385209242500e+00
7.865447276668327881e+00
8.543558411992151491e+00
9.385384601301913321e+00
8.651710603891796580e+00
9.350918369804048780e+00
8.944808865235003736e+00
8.392367472537072715e+00
8.856374326685667597e+00
1.054693486634182520e+01
8.397742747346681469e+00
8.817388514516734332e+00
9.752436592885819877e+00
8.605409561583947209e+00
8.985058765224373190e+00
7.691717425428445054e+00
9.053893709871132955e+00
7.566149294282260129e+00
8.474199106330804199e+00
7.727528526700030653e+00
8.400494934584733286e+00
8.355365262450456854e+00
9.241791421973342580e+00
8.850498396214790731e+00
1.000752558494476574e+01
8.977674616542362429e+00
9.141022151092753845e+00
8.199331302828863244e+00
9.106451583082662893e+00
1.020755422217161268e+01
8.647125903330142194e+00
1.077109308969830970e+01
7.066215494432744215e+00
8.462265180648596896e+00
8.207008498737273783e+00
9.308659414866170323e+00
1.093329981716454036e+01
9.573804030389336361e+00
9.658916895210259312e+00
7.447101218328890937e+00
8.014203099861852309e+00
9.103571904218785704e+00
9.227323498400085811e+00
8.567818216257972352e+00
8.471195905361485146e+00
8.085962681618463321e+00
8.736942298060542456e+00
8.618495523413796988e+00
7.622905940580781525e+00
8.051810115363757347e+00
8.395469667530754521e+00
7.972863510691476918e+00
8.674599909878670800e+00
8.431854708693922618e+00
9.236027837105886817e+00
7.572059972752766654e+00
7.984351380611288462e+00
8.150391509328670736e+00
8.765585195103259508e+00
8.603523629913123472e+00
8.856351377589353646e+00
9.306287690190647055e+00
8.475270831565953955e+00
7.929797756822878796e+00
9.317831911404210743e+00
8.157086853970673346e+00
9.035970668231502856e+00
8.513956547503317651e+00
9.100084227041730145e+00
8.708447153302849131e+00
9.841744992006706383e+00
8.541302918312432269e+00
7.327315986612345178e+00
8.458125655309583379e+00
7.977371208813163861e+00
7.736543663271667093e+00
8.890404358106186677e+00
7.648264250923532792e+00
8.101414630851710541e+00
8.966085362974107298e+00
9.166288600394867814e+00
9.405697972327537570e+00
7.929376746551480615e+00
7.761234043224533252e+00
8.035306752653788465e+00
1.002463147718391845e+01
8.948152278719689434e+00
8.705940626873644561e+00
8.363471432912723103e+00
8.780010169291848854e+00
9.114422283235320776e+00
8.227242840643452126e+00
7.576232832122085981e+00
9.176675678149614157e+00
8.856029481209130694e+00
1.043344732438914946e+01
9.179481545879909277e+00
8.943490581482917534e+00
9.595692261989691829e+00
7.610241230466446183e+00
1.020681367951635821e+01
7.975402436663358685e+00
8.865094138778541577e+00
1.009672088428561665e+01
1.001150757775918265e+01
8.542812152014281679e+00
9.370111875843864624e+00
9.581730810144696520e+00
8.117939404840130990e+00
8.981430926570471485e+00
8.719453078247989097e+00
7.901669729492382110e+00
8.650749843203694667e+00
9.227481607580486411e+00
8.288305314099812193e+00
9.340785140676779008e+00
9.444513383640895654e+00
9.776668436678868090e+00
8.752404698503806202e+00
8.187037466752885351e+00
7.777833351126040462e+00
8.949523227680145965e+00
8.535098429347977245e+00
9.210011863372702834e+00
7.995416513927490421e+00
1.037003799980418250e+01
1.060941470827569155e+01
8.414239075332982765e+00
8.423581095463021029e+00
8.474868490049946246e+00
9.221844693758292522e+00
9.079203047942176141e+00
9.401924495602832721e+00
9.185048931857219046e+00
8.375985217380607750e+00
8.605545717875857648e+00
1.052436829408794949e+01
8.176516420518728623e+00
9.572755845774715056e+00
8.075237635502904965e+00
9.183118212013894777e+00
8.439580746171536418e+00
9.272766381146629655e+00
8.748473240697073550e+00
8.027489878645530652e+00
8.294357858506122838e+00
1.223458678838425051e+01
9.426937638774246508e+00
8.966168348790912290e+00
9.860658069292682626e+00
8.667934737828623781e+00
8.607580136975240492e+00
8.367852106557343461e+00
7.850885666306219868e+00
7.626055183197496312e+00
8.631407667067739098e+00
9.559361494957920868e+00
7.842795386899686250e+00
9.492377988007229206e+00
8.971725315928706479e+00
8.980457946772633093e+00
8.049681516272155335e+00
9.045000328591511263e+00
8.851214512323020145e+00
8.546616856254159345e+00
9.165375256096755407e+00
8.988861905020623766e+00
8.731867741354255585e+00
9.209817076555500748e+00
8.416726616880957579e+00
9.099729975946640792e+00
8.859498767101340988e+00
9.362083124312418292e+00
6.879808033046645122e+00
7.838644516755236324e+00
8.181604360290817723e+00
1.044379963722967197e+01
8.433627934604047027e+00
7.509487557510720279e+00
8.553273590833025963e+00
1.002182587659159196e+01
8.306733785726819974e+00
8.818928365402083358e+00
8.086758378301695416e+00
8.809530034117260655e+00
9.399943994874256248e+00
9.028350390637438494e+00
8.336332597442453363e+00
8.006176867237954298e+00
7.977389484451563817e+00
9.332940084288214422e+00
8.073318684590461203e+00
8.821172068982392034e+00
9.008962742313752159e+00
7.702859949264802886e+00
8.282881337207479433e+00
8.480906180316996057e+00
8.823752058361677086e+00
8.763157553014266909e+00
9.440867360353180970e+00
9.600988351366817497e+00
8.579424186959140997e+00
7.904960582256620683e+00
8.767747705010211945e+00
8.865022240702188583e+00
9.081535093470741060e+00
8.267598784244411192e+00
7.982317598558411831e+00
8.581441893750417549e+00
7.808743612791157140e+00
8.226529809881490962e+00
9.055644433462049392e+00
9.297401239046457988e+00
8.973627128137987796e+00
8.468619918647842582e+00
9.391026529073460694e+00
8.881757819892413863e+00
8.479956748527378352e+00
1.001837337396946381e+01
8.320985600434745777e+00
8.376955839936599091e+00
8.747565420334950659e+00
8.427087547825241387e+00
8.206544682051799100e+00
8.997488227373890979e+00
7.984314083199531176e+00
7.987558043894472881e+00
9.926242151764967048e+00
8.536004964303860021e+00
9.624891698304551824e+00
9.971961889470694729e+00
9.439905817247648656e+00
8.235719515684680303e+00
7.407997704085114599e+00
8.049408275859033068e+00
8.602294328429737291e+00
8.674451482927436174e+00
8.475233624367524143e+00
8.867965684629002254e+00
9.291071425316467014e+00
8.440718296700307377e+00
7.438335548271529873e+00
7.526148950124359693e+00
8.589246701892449209e+00
9.038070196429391245e+00
7.841150606063884254e+00
8.315743181135674789e+00
8.688101946545240040e+00
8.752663108114330015e+00
8.203801194438817390e+00
8.146969814902700335e+00
8.380585908353040736e+00
8.164926725948973285e+00
8.881714109557510284e+00
9.770350421912162631e+00
