15.1666666666667 4.53333333333333 0
15.5 4.53333333333333 0
15.8333333333333 4.53333333333333 0
16.1666666666667 4.53333333333333 0
16.5 4.53333333333333 0
16.8333333333333 4.53333333333333 0
17.1666666666667 4.53333333333333 0
17.5 4.53333333333333 0
17.8333333333333 4.53333333333333 0
18.1666666666667 4.53333333333333 0
18.5 4.53333333333333 0
18.8333333333333 4.53333333333333 0
19.1666666666667 4.53333333333333 0
19.5 4.53333333333333 0
19.8333333333333 4.53333333333333 0
20.1666666666667 4.53333333333333 0
15.1666666666667 5.6 0
15.5 5.6 0
15.8333333333333 5.6 0
16.1666666666667 5.6 0
16.5 5.6 0
16.8333333333333 5.6 0
17.1666666666667 5.6 0
17.5 5.6 0
17.8333333333333 5.6 0
18.1666666666667 5.6 0
18.5 5.6 0
18.8333333333333 5.6 0
19.1666666666667 5.6 0
19.5 5.6 0
19.8333333333333 5.6 0
20.1666666666667 5.6 0
15.1666666666667 6.66666666666667 0
15.5 6.66666666666667 0
15.8333333333333 6.66666666666667 0
16.1666666666667 6.66666666666667 0
16.5 6.66666666666667 0
16.8333333333333 6.66666666666667 0
17.1666666666667 6.66666666666667 0
17.5 6.66666666666667 0
17.8333333333333 6.66666666666667 0
18.1666666666667 6.66666666666667 0
18.5 6.66666666666667 0
18.8333333333333 6.66666666666667 0
19.1666666666667 6.66666666666667 0
19.5 6.66666666666667 0
19.8333333333333 6.66666666666667 0
20.1666666666667 6.66666666666667 0
15.1666666666667 7.73333333333333 0
15.5 7.73333333333333 0
15.8333333333333 7.73333333333333 0
16.1666666666667 7.73333333333333 0
16.5 7.73333333333333 0
16.8333333333333 7.73333333333333 0
17.1666666666667 7.73333333333333 0
17.5 7.73333333333333 0
17.8333333333333 7.73333333333333 0
18.1666666666667 7.73333333333333 0
18.5 7.73333333333333 0
18.8333333333333 7.73333333333333 0
19.1666666666667 7.73333333333333 0
19.5 7.73333333333333 0
19.8333333333333 7.73333333333333 0
20.1666666666667 7.73333333333333 0
15.1666666666667 8.8 0
15.5 8.8 0
15.8333333333333 8.8 0
16.1666666666667 8.8 0
16.5 8.8 0
16.8333333333333 8.8 0
17.1666666666667 8.8 0
17.5 8.8 0
17.8333333333333 8.8 0
18.1666666666667 8.8 0
18.5 8.8 0
18.8333333333333 8.8 0
19.1666666666667 8.8 0
19.5 8.8 0
19.8333333333333 8.8 0
20.1666666666667 8.8 0
15.1666666666667 9.86666666666667 0
15.5 9.86666666666667 0
15.8333333333333 9.86666666666667 0
16.1666666666667 9.86666666666667 0
16.5 9.86666666666667 0
16.8333333333333 9.86666666666667 0
17.1666666666667 9.86666666666667 0
17.5 9.86666666666667 0
17.8333333333333 9.86666666666667 0
18.1666666666667 9.86666666666667 0
18.5 9.86666666666667 0
18.8333333333333 9.86666666666667 0
19.1666666666667 9.86666666666667 0
19.5 9.86666666666667 0
19.8333333333333 9.86666666666667 0
20.1666666666667 9.86666666666667 0
15.1666666666667 10.9333333333333 0
15.5 10.9333333333333 0
15.8333333333333 10.9333333333333 0
16.1666666666667 10.9333333333333 0
16.5 10.9333333333333 0
16.8333333333333 10.9333333333333 0
17.1666666666667 10.9333333333333 0
17.5 10.9333333333333 0
17.8333333333333 10.9333333333333 0
18.1666666666667 10.9333333333333 0
18.5 10.9333333333333 0
18.8333333333333 10.9333333333333 0
19.1666666666667 10.9333333333333 0
19.5 10.9333333333333 0
19.8333333333333 10.9333333333333 0
20.1666666666667 10.9333333333333 0
15.1666666666667 12 3.4760700994021e-05
15.5 12 1.75875203974702e-05
15.8333333333333 12 6.13612825405936e-06
16.1666666666667 12 1.67845557453242e-06
16.5 12 3.56642418188564e-07
16.8333333333333 12 1.75795809594204e-07
17.1666666666667 12 0
17.5 12 0
17.8333333333333 12 0
18.1666666666667 12 0
18.5 12 0
18.8333333333333 12 0
19.1666666666667 12 0
19.5 12 0
19.8333333333333 12 0
20.1666666666667 12 0
15.1666666666667 13.0666666666667 0.00015555200177005
15.5 13.0666666666667 9.47574646612551e-05
15.8333333333333 13.0666666666667 5.97591721310648e-05
16.1666666666667 13.0666666666667 3.39895508542361e-05
16.5 13.0666666666667 2.00447432662169e-05
16.8333333333333 13.0666666666667 1.11546212384758e-05
17.1666666666667 13.0666666666667 5.2097234502769e-06
17.5 13.0666666666667 2.69977337812765e-06
17.8333333333333 13.0666666666667 1.01227855546315e-06
18.1666666666667 13.0666666666667 3.16037438482777e-07
18.5 13.0666666666667 5.73553343475574e-08
18.8333333333333 13.0666666666667 3.51006523983421e-08
19.1666666666667 13.0666666666667 1.4764455487648e-09
19.5 13.0666666666667 0
19.8333333333333 13.0666666666667 0
20.1666666666667 13.0666666666667 0
15.1666666666667 14.1333333333333 6.89548680406374e-05
15.5 14.1333333333333 7.42251923540419e-05
15.8333333333333 14.1333333333333 6.634613032095e-05
16.1666666666667 14.1333333333333 5.56663918643449e-05
16.5 14.1333333333333 4.14153007238164e-05
16.8333333333333 14.1333333333333 2.90857938170845e-05
17.1666666666667 14.1333333333333 1.88118392963682e-05
17.5 14.1333333333333 1.1796452334827e-05
17.8333333333333 14.1333333333333 7.00221603465293e-06
18.1666666666667 14.1333333333333 4.12989415345983e-06
18.5 14.1333333333333 2.6304618778562e-06
18.8333333333333 14.1333333333333 1.22835842807594e-06
19.1666666666667 14.1333333333333 6.47037497290687e-07
19.5 14.1333333333333 3.24790805617623e-07
19.8333333333333 14.1333333333333 1.05859697243495e-07
20.1666666666667 14.1333333333333 3.11082602008283e-08
15.1666666666667 15.2 8.72006774321755e-06
15.5 15.2 8.81556548438554e-06
15.8333333333333 15.2 1.06096320132442e-05
16.1666666666667 15.2 1.28355074820964e-05
16.5 15.2 1.26432136187879e-05
16.8333333333333 15.2 1.29833618056076e-05
17.1666666666667 15.2 1.40578037521754e-05
17.5 15.2 1.22043383307789e-05
17.8333333333333 15.2 1.01597075688125e-05
18.1666666666667 15.2 7.78628715724099e-06
18.5 15.2 5.13981488238888e-06
18.8333333333333 15.2 3.3785405470067e-06
19.1666666666667 15.2 2.14923225642595e-06
19.5 15.2 1.22340977080805e-06
19.8333333333333 15.2 7.53946846021477e-07
20.1666666666667 15.2 4.79779245428128e-07
15.1666666666667 16.2666666666667 3.7693012380085e-06
15.5 16.2666666666667 3.51584272439687e-06
15.8333333333333 16.2666666666667 2.57184862719451e-06
16.1666666666667 16.2666666666667 1.62452487082613e-06
16.5 16.2666666666667 1.83119089159599e-06
16.8333333333333 16.2666666666667 2.01149858700694e-06
17.1666666666667 16.2666666666667 2.22421098809127e-06
17.5 16.2666666666667 2.56076972402622e-06
17.8333333333333 16.2666666666667 2.69662567857856e-06
18.1666666666667 16.2666666666667 2.58538604968549e-06
18.5 16.2666666666667 2.68427534892732e-06
18.8333333333333 16.2666666666667 2.7121213690363e-06
19.1666666666667 16.2666666666667 2.24118528520302e-06
19.5 16.2666666666667 1.84202059168241e-06
19.8333333333333 16.2666666666667 1.37817914329906e-06
20.1666666666667 16.2666666666667 8.24336332593199e-07
15.1666666666667 17.3333333333333 3.73229148265041e-06
15.5 17.3333333333333 2.10161419792654e-06
15.8333333333333 17.3333333333333 1.23902589745429e-06
16.1666666666667 17.3333333333333 7.39621079400514e-07
16.5 17.3333333333333 1.1291011087046e-06
16.8333333333333 17.3333333333333 9.96756438557234e-07
17.1666666666667 17.3333333333333 7.20945349570312e-07
17.5 17.3333333333333 3.31540444136902e-07
17.8333333333333 17.3333333333333 4.00428034748992e-07
18.1666666666667 17.3333333333333 4.98397224862703e-07
18.5 17.3333333333333 5.23395989334981e-07
18.8333333333333 17.3333333333333 5.81421345230618e-07
19.1666666666667 17.3333333333333 5.71266311728078e-07
19.5 17.3333333333333 5.71879245268285e-07
19.8333333333333 17.3333333333333 5.6116565425236e-07
20.1666666666667 17.3333333333333 5.61815613396676e-07
15.1666666666667 18.4 9.16703171177294e-07
15.5 18.4 1.30001036353954e-06
15.8333333333333 18.4 1.24659015812251e-06
16.1666666666667 18.4 1.19087798796333e-06
16.5 18.4 8.76412758597907e-07
16.8333333333333 18.4 4.79232141005981e-07
17.1666666666667 18.4 2.44238628629943e-07
17.5 18.4 2.07745067289453e-07
17.8333333333333 18.4 3.36693605507934e-07
18.1666666666667 18.4 2.74808269388185e-07
18.5 18.4 1.82120324601607e-07
18.8333333333333 18.4 5.75420531120363e-08
19.1666666666667 18.4 9.58508450258111e-08
19.5 18.4 1.30026478272956e-07
19.8333333333333 18.4 1.32203222818998e-07
20.1666666666667 18.4 1.35678036465581e-07
15.1666666666667 19.4666666666667 0
15.5 19.4666666666667 0
15.8333333333333 19.4666666666667 0
16.1666666666667 19.4666666666667 2.79559157987694e-07
16.5 19.4666666666667 4.46202846074482e-07
16.8333333333333 19.4666666666667 4.8329343033654e-07
17.1666666666667 19.4666666666667 3.54797594773961e-07
17.5 19.4666666666667 3.54657025562961e-07
17.8333333333333 19.4666666666667 1.83730975329395e-07
18.1666666666667 19.4666666666667 1.20516032738038e-07
18.5 19.4666666666667 1.69095408036623e-08
18.8333333333333 19.4666666666667 8.90257764576218e-08
19.1666666666667 19.4666666666667 1.00457355137957e-07
19.5 19.4666666666667 7.3126654121578e-08
19.8333333333333 19.4666666666667 3.24741617117374e-08
20.1666666666667 19.4666666666667 8.63997736212818e-09
15.1666666666667 20.5333333333333 0
15.5 20.5333333333333 0
15.8333333333333 20.5333333333333 0
16.1666666666667 20.5333333333333 0
16.5 20.5333333333333 0
16.8333333333333 20.5333333333333 0
17.1666666666667 20.5333333333333 1.0383294539001e-07
17.5 20.5333333333333 1.53603600265262e-07
17.8333333333333 20.5333333333333 1.85708940374807e-07
18.1666666666667 20.5333333333333 1.46046402831228e-07
18.5 20.5333333333333 1.91032109619753e-07
18.8333333333333 20.5333333333333 1.38183130401904e-07
19.1666666666667 20.5333333333333 9.92761986989454e-08
19.5 20.5333333333333 7.15166814352397e-08
19.8333333333333 20.5333333333333 7.11396589273949e-08
20.1666666666667 20.5333333333333 6.63194242243758e-08
